기간	자치구	합계	합계	합계	특정 감염성 및 기생충성 질환	특정 감염성 및 기생충성 질환	특정 감염성 및 기생충성 질환	신생물	신생물	신생물	혈액 및 조혈기관질환과 면역메커니즘을 침범하는 특정장애	혈액 및 조혈기관질환과 면역메커니즘을 침범하는 특정장애	혈액 및 조혈기관질환과 면역메커니즘을 침범하는 특정장애	내분비 영양 및 대사 질환	내분비 영양 및 대사 질환	내분비 영양 및 대사 질환	정신 및 행동장애	정신 및 행동장애	정신 및 행동장애	신경계통의 질환	신경계통의 질환	신경계통의 질환	순환계통의 질환	순환계통의 질환	순환계통의 질환	호흡계통의 질환	호흡계통의 질환	호흡계통의 질환	소화계통의 질환	소화계통의 질환	소화계통의 질환	피부 및 피하조직의 질환	피부 및 피하조직의 질환	피부 및 피하조직의 질환	근육골격계통 및 결합조직의 질환	근육골격계통 및 결합조직의 질환	근육골격계통 및 결합조직의 질환	비뇨생식계통의 질환	비뇨생식계통의 질환	비뇨생식계통의 질환	임신 출산 및 산후기	임신 출산 및 산후기	출생전후기에 기원한 특정병태	출생전후기에 기원한 특정병태	출생전후기에 기원한 특정병태	선천 기형 변형 및 염색체 이상	선천 기형 변형 및 염색체 이상	선천 기형 변형 및 염색체 이상	달리 분류되지 않은 증상 징후	달리 분류되지 않은 증상 징후	달리 분류되지 않은 증상 징후	질병이환 및 사망의 외인	질병이환 및 사망의 외인	질병이환 및 사망의 외인
기간	자치구	계	남자	여자	계	남자	여자	계	남자	여자	계	남자	여자	계	남자	여자	계	남자	여자	계	남자	여자	계	남자	여자	계	남자	여자	계	남자	여자	계	남자	여자	계	남자	여자	계	남자	여자	계	여자	계	남자	여자	계	남자	여자	계	남자	여자	계	남자	여자
2019	합계	43,829	24,859	18,970	1,143	614	529	13,808	8,601	5,207	120	65	55	1,243	704	539	493	280	213	1,986	879	1,107	8,685	4,612	4,073	4,648	2,734	1,914	1,765	1,130	635	49	20	29	258	80	178	1,183	557	626	3	3	72	39	33	51	26	25	4,433	1,901	2,532	3,889	2,617	1,272
2019	종로구	854	482	372	23	13	10	284	169	115	3	1	2	22	13	9	15	6	9	21	9	12	200	111	89	76	40	36	34	20	14	1	-	1	3	-	3	27	15	12	-	-	-	-	-	-	-	-	76	33	43	69	52	17
2019	중구	665	408	257	16	12	4	207	132	75	1	-	1	16	9	7	7	5	2	22	10	12	145	82	63	77	51	26	37	23	14	1	-	1	5	3	2	12	6	6	-	-	1	1	-	-	-	-	57	26	31	61	48	13
2019	용산구	1,107	620	487	32	19	13	332	214	118	3	2	1	28	14	14	11	7	4	53	17	36	235	128	107	111	64	47	58	42	16	1	-	1	5	2	3	28	13	15	1	1	2	1	1	2	1	1	125	43	82	80	53	27
2019	성동구	1,369	786	583	37	23	14	447	291	156	1	1	-	26	11	15	15	7	8	60	29	31	261	129	132	143	84	59	66	44	22	2	-	2	7	1	6	48	24	24	-	-	5	2	3	1	-	1	133	60	73	117	80	37
2019	광진구	1,385	770	615	29	9	20	461	274	187	2	-	2	39	21	18	18	12	6	54	31	23	299	152	147	145	85	60	60	41	19	1	-	1	8	3	5	44	22	22	-	-	-	-	-	2	2	-	101	34	67	122	84	38
2019	동대문구	1,851	1,085	766	49	24	25	566	370	196	4	3	1	42	20	22	28	18	10	79	33	46	387	218	169	228	139	89	85	52	33	1	-	1	10	3	7	53	22	31	-	-	2	1	1	5	2	3	154	67	87	158	113	45
2019	중랑구	2,049	1,236	813	46	26	20	631	407	224	6	4	2	61	33	28	23	11	12	90	52	38	355	201	154	243	156	87	103	71	32	4	1	3	10	4	6	42	21	21	-	-	8	4	4	2	1	1	219	104	115	206	140	66
2019	성북구	2,184	1,232	952	53	28	25	678	414	264	10	5	5	68	42	26	17	13	4	79	32	47	471	261	210	236	130	106	82	58	24	-	-	-	7	1	6	51	29	22	1	1	2	1	1	3	1	2	231	82	149	195	135	60
2019	강북구	1,874	1,089	785	53	28	25	579	378	201	6	5	1	72	43	29	21	10	11	76	34	42	345	193	152	217	127	90	83	54	29	1	1	-	12	5	7	51	26	25	-	-	-	-	-	1	1	-	215	93	122	142	91	51
2019	도봉구	1,836	1,002	834	57	23	34	563	346	217	10	5	5	75	40	35	23	12	11	80	25	55	306	146	160	221	142	79	63	43	20	-	-	-	8	4	4	58	29	29	-	-	4	1	3	4	2	2	210	80	130	154	104	50
2019	노원구	2,668	1,467	1,201	70	34	36	812	503	309	1	1	-	91	59	32	40	24	16	120	39	81	515	278	237	336	184	152	113	60	53	1	1	-	23	4	19	80	30	50	-	-	1	1	-	-	-	-	255	112	143	210	137	73
2019	은평구	2,315	1,296	1,019	62	31	31	728	468	260	3	1	2	41	25	16	25	14	11	110	54	56	479	246	233	284	164	120	102	66	36	2	1	1	25	7	18	70	31	39	-	-	3	2	1	3	1	2	206	77	129	172	108	64
2019	서대문구	1,555	883	672	33	17	16	479	302	177	4	1	3	52	33	19	15	12	3	61	26	35	301	147	154	174	102	72	64	42	22	1	1	-	8	4	4	47	23	24	-	-	1	-	1	2	-	2	175	92	83	138	81	57
2019	마포구	1,563	907	656	42	26	16	501	301	200	8	3	5	38	19	19	14	7	7	75	41	34	306	169	137	162	100	62	57	42	15	2	1	1	9	4	5	47	27	20	-	-	1	1	-	2	2	-	171	80	91	128	84	44
2019	양천구	1,900	1,027	873	62	31	31	579	349	230	3	3	-	49	27	22	20	10	10	91	37	54	383	192	191	187	103	84	82	52	30	3	2	1	7	4	3	45	19	26	-	-	3	1	2	1	-	1	221	90	131	164	107	57
2019	강서구	2,691	1,505	1,186	59	32	27	795	482	313	8	4	4	88	49	39	36	18	18	135	60	75	535	270	265	243	147	96	97	50	47	4	2	2	15	5	10	62	30	32	-	-	4	2	2	3	1	2	337	167	170	270	186	84
2019	구로구	1,811	1,082	729	47	25	22	562	366	196	4	3	1	42	22	20	18	9	9	84	39	45	365	204	161	186	124	62	80	51	29	5	1	4	15	3	12	56	24	32	1	1	1	-	1	3	2	1	172	91	81	170	118	52
2019	금천구	1,199	703	496	37	20	17	370	233	137	4	4	-	30	17	13	19	9	10	59	27	32	258	139	119	99	59	40	53	41	12	-	-	-	5	1	4	28	9	19	-	-	5	2	3	3	1	2	102	54	48	127	87	40
2019	영등포구	1,708	1,012	696	51	32	19	549	349	200	6	5	1	45	25	20	17	9	8	76	38	38	408	215	193	154	96	58	63	48	15	2	-	2	13	4	9	34	19	15	-	-	1	1	-	3	2	1	128	56	72	158	113	45
2019	동작구	1,703	993	710	35	22	13	589	372	217	2	-	2	49	32	17	20	11	9	74	35	39	341	183	158	159	98	61	61	42	19	1	1	-	9	2	7	32	19	13	-	-	4	3	1	3	2	1	183	73	110	141	98	43
2019	관악구	2,107	1,264	843	64	38	26	667	421	246	8	5	3	63	35	28	24	13	11	88	45	43	434	259	175	194	126	68	81	60	21	2	1	1	16	6	10	50	21	29	-	-	5	2	3	2	2	-	192	83	109	217	147	70
2019	서초구	1,421	780	641	37	21	16	453	282	171	5	-	5	42	23	19	9	5	4	79	30	49	269	145	124	157	96	61	37	18	19	-	-	-	11	3	8	53	22	31	-	-	1	1	-	2	1	1	158	64	94	108	69	39
2019	강남구	1,838	936	902	42	27	15	567	316	251	5	2	3	45	25	20	17	12	5	110	43	67	335	160	175	206	103	103	46	21	25	4	2	2	11	3	8	47	22	25	-	-	7	6	1	3	2	1	208	75	133	185	117	68
2019	송파구	2,278	1,217	1,061	55	28	27	781	466	315	10	5	5	73	35	38	21	12	9	112	42	70	416	207	209	223	114	109	78	43	35	6	2	4	8	2	6	66	28	38	-	-	8	5	3	1	-	1	219	90	129	201	138	63
2019	강동구	1,898	1,077	821	52	25	27	628	396	232	3	2	1	46	32	14	20	14	6	98	51	47	336	177	159	187	100	87	80	46	34	4	3	1	8	2	6	52	26	26	-	-	3	1	2	-	-	-	185	75	110	196	127	69